32487400: 750 71 8 61 1 9
48639094: 6 7 3 9 438 390 94
51587106: 859 71 7 51 6
609210: 91 2 85 798 5 14 3
38998774089: 1 9 3 9 3 5 2 417 8 63 7 2
72095400778: 1 7 4 1 5 6 6 79 3 5 2 780
59193807: 4 2 6 7 93 5 2 5 92 2 623
994866: 5 7 6 9 9 1 337 6 6 24 18
120929459: 83 4 2 60 7 8 8 6 397 83
1434188434: 669 94 17 38 60 3 4
4709528: 58 799 70 1 8
1183720: 1 6 19 89 20
1080799208: 4 16 304 479 7 9 8 65 8
14289972907: 238 165 4 8 6 907
59866: 108 889 6 5 41
5278166023: 1 17 7 95 8 3 1 44 8 18 5
51625467: 4 4 7 559 49 366 4 3
15204233: 7 60 2 2 234
238188315: 21 8 892 9 2 8 78 4 8 27
4830: 9 1 6 64 30
169752825694: 628 62 9 2 2 169 3 7 9
2008290036: 5 5 8 1 8 63 4 6 8 91 9 36
28191424142: 38 72 8 982 80 36 4
114729841: 15 93 470 72 1
43589671674: 7 6 1 99 59 96 716 74
301107935: 9 878 899 6 3 8 7 3 7 1 3
30847500: 497 4 44 94 2 62 9 8
151946690: 18 9 5 8 7 1 3 11 976 82
57039520: 7 4 496 3 247 700 5 2
3396: 2 129 37 8 1 7 653 374
3556538: 889 4 517 14 3 4
377830219290: 438 73 9 6 1 2 861 93
17445965060: 9 5 94 63 92 4 2 58 803
154120940: 4 82 2 7 1 546 5 8 940
6264691823: 50 72 5 1 9 88 58 6
17074122568: 2 9 9 7 165 1 5 6 2 8 106
22847337622: 6 8 7 3 8 6 24 283 42 8 2
1815667: 85 20 213 898 9
640011968: 50 80 5 374 4 8
1877860445: 2 4 89 9 52 56 293 3 2
591893: 59 128 52 8 85
1182764689: 36 2 7 2 7 97 8 7 9 4 4 6
3653208: 84 57 676 40 8
85495: 26 9 5 3 44 7 140 7 23 9
22863672: 9 4 5 52 438 7 5
1211846: 75 27 161
182736553845: 1 215 705 3 5 6 9 23 8 5
4481114619: 5 439 7 180 89 9 9 9 57
84201598: 780 1 4 300 358
57058360380: 4 5 5 65 8 8 9 7 8 868 5 7
842520237139: 3 8 8 2 75 68 3 38 77 7
3479489: 434 9 15 8 169
3116820: 8 2 38 818 2
32902179617: 5 5 3 1 8 88 8 87 92 776
212372816: 798 2 266 515 1 16
88015051: 9 74 214 150 49
32815837331: 25 30 6 3 6 87 19 149
115597439: 7 96 610 47 6
2733976483: 7 9 41 75 261 565 918
39398867885: 6 638 79 6 147 1 1 9 8 7
242251: 96 9 25 4
41911385211: 98 6 3 2 6 651 5 860 9 6
370930563: 6 618 1 30 508 55
208599437: 5 6 9 18 1 9 3 910 7 9 72
14164484: 30 5 7 368 3 47 97 4 9 5
549611: 21 1 8 56 372 12 12
314435322: 3 49 305 65 5 6 76 6 8 3
674550: 7 4 610 340 9
42329897821: 66 6 1 15 64 9 78 69 1
582868038: 84 5 672 65 38
74952470475: 8 64 2 9 5 246 2 8 4 75
48556951: 207 3 92 3 53 31 27 71
3482293519: 976 8 115 49 31
19766: 984 9 34 1 2
431516227150: 8 458 926 2 2 7 147 3
5356: 5 5 95 35 93
143937: 2 7 316 8 769
2104720: 3 214 835 360 2
69616848: 8 8 9 879 38 9
2130: 5 202 1 53 6
8747338330: 332 206 266 3 877 9
1041844: 874 6 9 119 1
207373691985: 81 457 9 3 2 56 919 85
1829717: 203 3 9 1 7
328689: 2 6 520 43 14
11635096619412: 8 77 776 36 5 263 8 14
42726890: 427 26 8 68 22
960390: 2 1 4 3 80 35 4 3 33 9 6 6
398159179: 3 981 5 91 78
162651970: 1 79 88 64 20 440 9 3 7
654695: 2 4 27 6 440 255
558468640: 246 5 4 440 556
15868: 4 69 5 7 799 8
70180938: 949 14 96 85 82 92 9
11182: 1 1 172 5 5
42017863: 6 317 8 3 628 5 55 338
72458737096: 316 19 45 7 4 9 4 1 83 6
8900: 1 9 1 445 1
1867319341: 9 4 7 71 571 7 7 5 800 6
2172272: 30 996 7 90 163 9 14
17347758: 7 77 716 9 232 775 5
1761499130: 93 3 9 1 7 2 2 8 1 152 1 8
975657048520: 6 7 26 2 4 89 41 4 9 7 5 8
2482480123: 572 62 700 8 4 39
85846472460: 85 2 1 9 507 6 9 2 7 9 3 4
3787217460: 8 46 1 52 9 1 1 22 9 10 6
439999496028: 3 64 91 7 2 23 51 38 6
4095: 4 55 9
35011: 41 20 4 285 11
10685: 91 6 79 7 2 3 288 607
35578601926: 9 2 5 80 6 308 522 383
662375767: 602 56 4 375 769
11267043: 184 2 86 1 356
539704843: 441 98 704 8 43
555385: 2 3 544 6 30 8 5
1878237927: 23 206 4 9 959 806 7
1251687: 92 17 6 8 9
2345399977: 7 2 72 1 2 2 3 87 52 29 7
165458073908: 2 5 713 652 8 9 4 7 3 7 8
7374228: 871 828 434 56 8
109360: 58 69 86 7 133
250904195: 2 1 4 787 316 194
1965347: 6 55 3 324 23
95043: 89 5 6 9 767 222 2 7 4
34424017918: 66 2 520 1 7 918
14968866015: 7 560 9 30 11 5 3 4
5957103105: 914 5 5 3 4 8 31 6 7 4 5
14889232: 4 7 111 35 529
183080878: 303 2 2 3 808 78
2642434807267: 324 2 78 973 4 818 67
250272769: 283 9 5 88 769
7584298: 1 39 5 9 5 1 30 376
57874: 456 122 74
7503273: 119 38 59 3 81
2742448: 493 871 7 224 2
11017745: 23 9 4 46 3 531 4
10289209: 5 9 1 969 90 1 27 3 78
97182212: 4 1 399 18 213
3885618429: 37 7 3 5 618 429
1994244325926: 9 6 98 8 3 2 4 8 6 612 7 6
753358: 170 8 337 1 4 365
34725415: 178 6 5 9 1 29 5 281 13
83075: 1 1 59 16 176 8 1 3 23
3057604703: 33 737 20 7 65 7 56 33
535701: 5 35 703
26545365: 6 522 98 83 5 548 65
7440411: 147 7 5 5 529 13 1
5767327837: 856 3 9 746 612 3
760463: 748 2 7 3 460
2039: 61 37 7 6 9 84 1
1252773413800: 260 6 3 944 612 1 6 5 8
4018260980733: 166 8 79 4 7 36 6 911 3
694586: 9 3 24 3 3 75 1 5 31
235411298: 59 399 12 72 26
26883288: 8 575 3 832 574
1129949506: 120 4 545 1 91 938
3872354737: 459 4 6 3 98 86 573
16562310435: 36 2 41 8 38 38 6 3 33
341716: 73 1 468 7 6
44417884568: 1 655 27 1 7 71 28 4 2
7705702: 242 9 10 307 3
11207000: 31 56 46 875 4
24160559: 3 21 158 99 63 93 6
513: 18 4 444
3978571982: 7 578 899 584 734
14527: 6 8 1 3 91 36
21447: 79 12 69 54 47
267775223: 575 84 12 462 21
1497878269: 5 7 4 2 586 9 1 2 5 82 6 9
932783488: 5 5 1 3 8 6 1 9 582 2 56 4
215370686: 588 4 8 402 9 686
59671754: 764 781 8 327 1
63863: 80 558 63
78005462388: 299 1 5 4 2 62 914 42
2975681: 7 2 3 2 5 153 62 35 681
2348387090: 2 5 3 5 88 6 47 649 2 58
6444257: 644 31 10 1 5 5
576660903: 445 957 4 45 4 5 82 6
20185: 6 96 687 8 589 4 384
5651705392737: 9 2 46 9 764 4 10 8 738
1445852: 7 7 4 8 1 4 7 931 847 3
47748768: 419 4 9 45 3 8 6 4 76 8
369276831: 8 5 4 8 8 6 6 5 293 9 9
362884: 756 48 4
9764381: 5 57 612 79 438 1
182419: 40 86 68 52
1858775369: 6 79 4 6 64 2 7 3 5 361 8
272349334: 7 70 8 5 6 919 7 7 7 803
524812358925: 772 5 499 791 675
60225360: 119 4 97 130 4
33807: 74 7 31 869 7
85569: 9 4 68 4 5 69
7538038: 2 742 9 72 72 762 5
33801065: 655 5 15 522 508 267
1327354: 57 1 3 64 7 6 619 4 731
157591051: 3 8 667 729 1 758 4 4 3
8155139942: 3 5 8 9 8 9 1 6 608 9 470
3196408936: 3 93 6 6 3 130 530 17 8
2884: 7 4 81
817751: 7 18 64 32 860 53 41 6
15132: 7 96 2 3 6 8 2 98 2 4 8
40182: 31 8 1 18 3
42915027: 6 7 91 491 6 6 5 62 38
6454770: 1 4 912 2 49 9 2 86 2 5 7
1432635869: 73 70 263 5 870
3516361578: 95 7 8 17 59 38 9
10185774: 1 4 291 7 774
414087530: 7 8 3 44 6 4 4 5 91 226 5
391844044883: 94 2 96 8 864 3 8 77 6
35327: 1 33 8 83 129 7
8328: 3 7 379 4 2
1665845626: 2 524 66 5 6 26
20496: 25 61 83 275 9 7
19624: 19 538 83
665835117: 3 2 121 8 13 1 116
47370468: 3 942 12 65 717 749
72396891: 1 6 56 3 9 6 88 8
233543453: 3 822 93 66 944 595
14852498: 355 5 7 57 71 8
1699424384371: 9 42 6 7 3 58 448 371
3216560517: 899 20 35 605 17
2947861799159: 310 8 927 179 914 1 9
22856160: 501 3 401 68 5 24
46150657: 475 8 975 805 6
294566194466: 9 1 11 607 6 7 8 43 8 67
1906225: 188 16 246 2 5
623712: 6 3 990 7 5
108029: 6 7 21 16 493
2737934408: 700 60 5 373 5 9 4 8 94
340298846: 232 13 6 5 188 4 9
22352423: 6 59 5 3 63 2 3
27342360: 61 5 617 559 40
388943333: 988 8 6 481 807
349404941: 6 59 987 6 941
2453435076: 48 34 6 815 43 507 5 1
112240201: 7 2 60 7 97 167
1591404240: 12 7 88 1 2 5 530 8
125129: 3 7 61 8 864 129
5285802882: 73 333 6 26 5 28 82
2754039386: 7 10 6 12 6 105 375 4 7
1552880: 6 64 20 7 2 4 518 472
726: 6 9 4 88 3
16311762: 570 78 7 83 7 54 3
1945492386: 105 1 894 49 238 6
12663: 120 1 9 57 3
3948815: 615 2 8 8 13 2
84256728501: 389 3 977 4 7 22 6 501
823262: 2 239 6 2 17 2 8 15 93 7
1922397970538: 409 47 8 4 13 9 705 3 9
12149430428: 2 596 26 5 15 3 962 1 6
53923822174: 5 3 4 5 2 372 3 6 9 3 1 74
475320446: 57 2 8 3 1 26 6 45 9 446
53313120: 3 78 820 86 2
41209672: 7 6 7 7 967 8
1096059: 868 5 6 3 252 70 39
8981270437: 255 2 1 7 3 4 6 6 293 3 7
17158148125: 66 67 2 8 25 485
726652028: 9 8 196 22 74
17442628: 415 3 6 7 28
71927491: 5 2 5 953 947
143620: 24 5 39 58 9
110873998: 590 1 67 55 28 860
11366115: 33 2 7 7 8 9 5 34 87
1800: 4 803 92 2
640616724329: 634 4 2 5 1 1 67 2 4 329
80725522: 954 2 47 2 9 76 1 6 2
3638325089: 498 4 73 50 86 6
1298: 65 6 553 75 277
63646: 326 302 1 5 829
3068658291: 73 2 21 2 65 82 20 71
15947888527: 632 341 74 16 2 365
64512058: 8 80 168 3 2 58
2369411264: 14 7 241 1 8 76 88
63693072702: 772 6 86 45 3 721 5 9 9
131248727: 63 1 52 4 727
31570503: 8 9 7 2 4 7 593 99 5 8
12286406: 7 679 40 4 6
13258167603154: 220 969 46 60 3 156
15582563: 106 147 54 9 13 1
27078: 5 9 2 2 63 28
47837667: 4 4 89 536 5 43 4 7 7 50
3218800322172: 829 5 87 71 19 388
511530: 86 90 335 5 30
287703313: 9 31 8 703 313
333048: 437 7 111 6 40 8
3127780532529: 4 991 8 8 946 9 83 32 4
16196934098: 9 198 65 3 780 98
2160: 1 5 2 3 24
386713691: 478 809 3 8 691
939440420428: 1 306 30 2 51 1 5 4 4 2 8
81838: 9 9 761 77
13775572: 4 21 53 755 72
676221: 59 617 2 2 1
4291208: 2 4 2 5 459 2 74 80 8 5 8
191059: 3 182 58 547 9
4723119765: 9 6 7 603 1 9 8 1 86 9
1064: 45 2 522 454
1202: 4 6 1 91 8
42116984167: 494 325 5 8 852 7
2698900: 9 4 49 45 20
29582225: 1 1 277 5 72 8 4 2 27
26610922655: 315 1 5 829 22 6 55
898290075: 8 98 2 8 97 8 3 3 7 16 5
8368417979: 8 4 211 866 60 3
100799: 700 473 3 81 8 7 16 9
421835040: 26 631 80 33 6
130271676: 24 69 5 3 9 34 426 8 3
3987863381: 9 91 629 919 54 7 4 9
473941: 4 48 3 15 7 9 382
9234220: 8 8 1 4 6 5 382 43 73 5 8
6555283: 9 36 469 7
291432573718: 291 432 573 715 3
4065: 4 10 65
28878635: 18 7 385 909 294 3 26
14122: 6 5 2 5 46
314423826: 40 692 89 3 771
209024064: 241 2 1 85 2 432
49864: 5 5 22 9 166
924665242: 3 4 80 466 524 2
71274451365: 3 45 1 1 6 6 888 746 7 5
631041934248: 27 681 312 85 68 11
20044999032: 94 9 1 88 4 6 6 51 1 6 6
2666519: 2 7 95 2 58 2 588 3 1 8
5163719738854: 9 96 857 7 647 1 37 2
44045: 8 35 1 689 6 7 36 23
777753619876: 324 8 5 5 603 3 8 9 2 9 7
53812: 515 22 97 5 4 6
148622545393: 5 9 87 1 9 7 7 36 5 8 92 3
1613374438: 49 774 19 2 853
7079722751: 70 53 18 8 722 6 77 74
444271196058300: 6 827 58 869 964 675
266183007: 899 209 1 9 9 3 1 7 6 8
84506094: 6 4 780 993 65 99 195
8160651: 8 159 8 99 747 7
266326391300: 7 198 37 3 905 8 4 718
19462: 5 735 71 3 8
36876: 83 9 4 76
1768120275648: 5 52 4 97 6 7 75 648
4592: 95 48 33
219223043: 2 54 9 1 77 8 94 320
2678097: 98 5 4 65 97
154405578: 53 483 13 96 9 37 3
96526192842: 8 719 4 2 59 6 22 22 2
63693177: 1 399 97 9 6 3 7 3 1 177
201358: 30 6 65 245 8
977764227: 48 3 679 4 226
26323690657: 367 8 1 7 3 6 904 1 2 58
61061190261: 7 7 793 183 8 64 61
785633: 982 8 33
1137947: 2 316 3 58 6
44233: 78 7 81 5
5252: 3 2 41 4 3
3381915: 2 63 720 7 6 849 15
661467674: 7 3 9 3 86 8 599 6 1 73 1
6271014: 1 9 97 2 22 340 77 750
770523445: 80 214 2 7 9 2 5 1 363 5
25002746133: 31 248 8 43 461 2 1 3
7024754: 876 578 4 69 7
9438924: 94 3 1 892 4
217464992352: 23 468 12 143 8 8 9 9
3009273: 29 989 8 999 30 3
3028939095282: 3 264 5 28 3 3 7 65 2 8 2
9264583: 3 6 68 8 5 2 6 9 782 7
9998123: 3 20 9 7 69 21
522580967: 7 3 53 986 967
554688: 69 223 16 97 8
626000891: 894 28 698 7 5
667837: 2 8 212 3 9 8 7 3 4 8 25
17105994641: 3 4 418 5 1 7 71 9 4 7 4
387978366062: 7 917 12 80 583 1 7 7 7
77987948: 7 33 2 37 7 879 48
5727312: 12 45 188 85 1 2 1
992315: 9 91 38 93 2
961813017: 57 1 7 5 1 4 5 542 6 4 8 1
8752280: 13 698 889 6 80
755373444668: 645 6 183 3 6 6 9 6 8 65
15172877612: 436 348 73 4 612
7385177837: 9 7 7 59 51 7 72 7 9 558
1568973129: 6 1 3 6 6 6 575 45 2 96 9
3038250054: 2 297 1 4 825 5 5 1 4 5 8
39578980942: 19 789 490 47 2 2
151692862: 90 3 67 21 7 8 62
530864308107: 4 1 2 3 6 527 6 7 7 7 81
52263: 963 9 2 3 260
816484929: 6 6 15 56 41 2 1 6 4 4 1
67327203626: 131 95 23 6 90 3 626
36276789519: 4 453 25 615 99 81
8809691: 2 3 2 193 429 71 80 92
2052036449131: 569 74 513 5 675 95 6
8690327: 8 592 97 395 931
2545759132: 6 199 30 2 6 1 1 20 62 7
5544619441: 92 410 3 6 6 8 41
706240349: 7 5 5 6 8 6 2 3 5 67 4 9
200795: 7 2 37 8 386 7 775 65
597788756: 41 43 8 31 8 9 2 9 4 8 5 9
815894331: 39 2 774 894 329
5392576857: 5 447 9 3 5 6 22 3 8 619
279728949679: 113 1 71 6 8 4 3 9 8 7 2 6
294474951464: 3 2 718 8 6 3 90 9 1 4 6 4
1563509: 6 26 2 942 567
120499894680: 11 32 6 49 8 861 9 7 9
4298688: 28 24 68 136 6
4745778313: 2 1 47 7 10 3 114 16 7 3
7645820: 2 2 5 3 21 3 4 9 621 63 5
722711: 4 68 152 25 5 879 57
7368978355: 7 368 697 281 355
2875726825740: 9 3 2 4 9 5 391 424 5 60
37640889: 8 30 1 5 8 9 305 9 5 5 8 8
6746614164: 4 5 321 127 332
4094176223: 9 8 2 3 2 1 544 4 2 1 1 1
1732: 2 21 9 5 64 9 687 1 27
2880088: 6 5 93 6 87 813 9 9 9 2 8
30353824910: 71 91 870 54 469 10
1081106212608: 8 959 559 1 50 3 15 4 8
273013437132: 6 964 6 98 27 9 277 6 4
19648872: 5 14 64 887 2
19853451: 34 80 10 5 42 32 8
48399142213: 3 6 3 640 4 2 6 2 8 9 6 14
34921: 5 92 9 4 4
190448064: 1 6 4 2 1 7 47 614 2 6 4 3
44634703572: 4 69 838 98 5 95
2712945205: 677 1 5 2 5 3 57 6 20 2 5
127609477: 9 6 3 651 99 8 2 218 2
227387160: 568 6 210 44 9
6520531715: 333 61 3 548 107 79
1097244: 545 2 76 768 10 174
23639802750: 367 4 7 78 2 91 9 41 9 5
335172916: 56 7 24 53 919
30: 2 3 7
3521: 15 336 4 3 1
873380: 1 44 60 93 79
1970830: 39 41 66 5 1
17424: 6 5 4 32 1 5 9 2 5 24
16632105137: 572 5 5 9 4 8 5 8 1 6 97 7
176335914: 817 22 1 694 1 6 7 9 3
24947480114: 8 7 32 1 1 87 3 507 8 2
2380006962: 8 9 89 7 794 82 141
14178: 70 72 2 10 15 9
1036479406050: 481 4 533 90 495 81 1
51333269: 47 155 7 337 568 701
617394060: 348 22 6 3 985
38196778112: 85 627 16 446 110
5547327: 616 260 99 9 96
51231068: 68 894 6 3 9 19 28
3771603234999: 4 7 747 459 234 996
21430404: 521 8 305 3 388
3371697205: 374 6 330 17 1 4 1 9 1
73031629: 90 4 5 149 9 2 24 5
70836214: 271 4 9 19 9 29
3431889: 442 3 7 77 2
34170854019: 4 4 961 1 5 6 9 760 1 3 6
167263: 893 696 81 67 185 9
273904873: 2 7 3 900 4 44 71
120350462: 22 547 99 5 62
28164517: 7 2 520 14 6 517
313563656: 171 6 272 895 2 5 6 56
4430029187: 517 9 354 38 952
8827747002: 13 57 7 42 8 3 7 1 6 1 6 6
360744024: 9 5 5 433 32 1 16 24
2473591: 3 762 187 591 1
29482630: 8 8 67 526 5
166320055: 313 3 34 6 792 55
1898094: 31 6 3 49 6
15911812: 23 8 2 7 8 213 74 937 3
177935: 51 7 1 532 6 13 7 5 7 3 8
537606: 53 7 606
2911393686391: 485 232 273 4 4 6 3 88
89071041: 7 5 430 838 7 3
97904: 968 78 45 984
149112769: 78 48 19 76 9
26945100865: 9 4 9 5 455 2 7 85 1 8 5 2
64161615: 6 4 4 8 2 4 38 2 4 9 7 5
478023271136: 59 980 759 93 2 8 787
827867669576: 943 853 78 166 62
95374: 254 3 371 25
79583804468: 3 8 303 66 7 80 4 4 68
2641410234552: 737 8 8 7 279 2 634 4 4
4482239: 5 1 3 41 6 54 239
1140273895: 35 6 9 5 1 56 46 53 93 2
13060887: 6 31 58 41 7
350771: 7 350 51 14 54 7 1 8 8 4
9713019312: 224 83 810 31 432
33823: 3 38 11 6 6
137659: 50 87 600 18 41
47070741: 66 83 8 1 858
1710106191: 134 4 52 1 9 9 3 999 1 9
1382639297404: 383 1 6 390 8 829 60 4
1678500: 12 31 98 2 45
