77,59
76,59
75,59
74,59
73,59
72,59
71,59
70,59
69,59
68,59
67,59
66,59
65,59
64,59
63,59
62,59
61,59
60,59
59,59
58,59
57,59
56,59
55,59
54,59
53,59
52,59
51,59
50,59
49,59
48,59
47,59
46,59
45,59
44,59
43,59
42,59
41,59
40,59
40,60
40,61
40,62
40,63
40,64
40,65
40,66
40,67
40,68
40,69
40,70
40,71
40,72
40,73
40,74
40,75
40,76
40,77
40,78
40,79
40,80
40,81
40,82
40,83
40,84
40,85
40,86
40,87
40,88
40,89
41,89
42,89
43,89
44,89
45,89
46,89
47,89
48,89
49,89
50,89
51,89
52,89
53,89
54,89
55,89
56,89
57,89
58,89
59,89
60,89
61,89
62,89
63,89
64,89
65,89
66,89
67,89
68,89
69,89
70,89
71,89
72,89
73,89
74,89
75,89
76,89
77,89
78,89
79,89
80,89
81,89
81,88
81,87
81,86
81,85
81,84
81,83
81,82
81,81
81,80
81,79
81,78
81,77
81,76
81,75
81,74
81,73
81,72
81,71
81,70
81,69
81,68
81,67
81,66
81,65
81,64
81,63
81,62
81,61
80,61
79,61
78,61
77,61
76,61
75,61
74,61
73,61
72,61
71,61
70,61
69,61
68,61
67,61
66,61
65,61
64,61
63,61
62,61
61,61
60,61
59,61
58,61
57,61
56,61
55,61
54,61
53,61
52,61
51,61
50,61
49,61
48,61
47,61
46,61
45,61
44,61
43,61
42,61
41,61
39,61
38,61
37,61
36,61
35,61
34,61
33,61
32,61
31,61
30,61
29,61
28,61
27,61
26,61
25,61
24,61
24,62
24,63
24,64
24,65
24,66
24,67
24,68
24,69
24,70
24,71
24,72
24,73
24,74
24,75
24,76
24,77
24,78
24,79
24,80
24,81
24,82
24,83
24,84
24,85
24,86
24,87
24,88
24,89
24,90
24,91
24,92
24,93
24,94
24,95
24,96
24,97
24,98
24,99
25,99
26,99
27,99
28,99
29,99
30,99
31,99
32,99
33,99
34,99
35,99
36,99
37,99
38,99
39,99
40,99
41,99
42,99
43,99
44,99
45,99
46,99
47,99
48,99
49,99
50,99
51,99
52,99
53,99
54,99
55,99
56,99
56,98
56,97
56,96
56,95
56,94
56,93
56,92
56,91
56,90
56,88
56,87
56,86
56,85
56,84
56,83
56,82
56,81
56,80
56,79
56,78
56,77
56,76
56,75
56,74
56,73
56,72
56,71
56,70
56,69
56,68
56,67
56,66
56,65
56,64
56,63
56,62
56,60
56,58
56,57
56,56
56,55
56,54
56,53
56,52
56,51
56,50
56,49
56,48
56,47
56,46
56,45
56,44
56,43
55,43
54,43
53,43
52,43
51,43
50,43
49,43
48,43
47,43
46,43
45,43
44,43
43,43
42,43
41,43
40,43
39,43
38,43
37,43
36,43
35,43
34,43
33,43
32,43
31,43
30,43
29,43
28,43
27,43
26,43
25,43
24,43
23,43
22,43
21,43
20,43
19,43
18,43
17,43
16,43
15,43
14,43
13,43
12,43
11,43
10,43
9,43
8,43
7,43
6,43
5,43
4,43
4,44
4,45
4,46
4,47
4,48
4,49
4,50
4,51
4,52
4,53
4,54
4,55
4,56
4,57
4,58
4,59
4,60
4,61
4,62
4,63
4,64
4,65
4,66
4,67
4,68
5,68
6,68
7,68
8,68
9,68
10,68
11,68
12,68
13,68
14,68
15,68
16,68
17,68
18,68
19,68
20,68
21,68
22,68
23,68
25,68
26,68
27,68
28,68
29,68
30,68
31,68
32,68
33,68
34,68
35,68
36,68
37,68
38,68
39,68
41,68
42,68
43,68
44,68
45,68
46,68
47,68
48,68
49,68
50,68
51,68
52,68
53,68
54,68
55,68
57,68
58,68
59,68
60,68
61,68
62,68
63,68
64,68
65,68
66,68
67,68
68,68
69,68
70,68
71,68
72,68
73,68
74,68
75,68
76,68
77,68
78,68
79,68
80,68
82,68
83,68
84,68
85,68
86,68
87,68
88,68
89,68
90,68
91,68
92,68
93,68
94,68
95,68
96,68
97,68
98,68
99,68
100,68
101,68
101,67
101,66
101,65
101,64
101,63
101,62
101,61
101,60
101,59
101,58
101,57
101,56
101,55
101,54
101,53
101,52
101,51
101,50
101,49
101,48
101,47
101,46
101,45
101,44
101,43
101,42
100,42
99,42
98,42
97,42
96,42
95,42
94,42
93,42
92,42
91,42
90,42
90,43
90,44
90,45
90,46
90,47
90,48
90,49
90,50
90,51
90,52
90,53
90,54
90,55
90,56
90,57
90,58
90,59
90,60
90,61
90,62
90,63
90,64
90,65
90,66
90,67
90,69
90,70
90,71
90,72
90,73
90,74
90,75
90,76
90,77
90,78
90,79
90,80
90,81
90,82
90,83
90,84
90,85
90,86
90,87
90,88
91,88
92,88
93,88
94,88
95,88
96,88
97,88
98,88
99,88
100,88
101,88
102,88
103,88
104,88
105,88
106,88
107,88
108,88
109,88
110,88
111,88
112,88
113,88
114,88
115,88
116,88
117,88
118,88
119,88
120,88
121,88
122,88
122,87
122,86
122,85
122,84
122,83
122,82
122,81
122,80
122,79
122,78
122,77
122,76
122,75
122,74
121,74
120,74
119,74
118,74
117,74
116,74
115,74
114,74
113,74
112,74
111,74
110,74
109,74
108,74
107,74
106,74
105,74
104,74
103,74
102,74
101,74
100,74
99,74
98,74
97,74
96,74
95,74
94,74
93,74
92,74
91,74
89,74
88,74
87,74
86,74
85,74
84,74
83,74
82,74
80,74
79,74
78,74
77,74
76,74
75,74
74,74
73,74
72,74
71,74
70,74
69,74
68,74
67,74
66,74
65,74
64,74
63,74
62,74
61,74
60,74
59,74
58,74
57,74
55,74
54,74
53,74
52,74
51,74
50,74
49,74
48,74
47,74
46,74
45,74
44,74
43,74
42,74
41,74
39,74
38,74
37,74
36,74
35,74
34,74
33,74
32,74
31,74
30,74
29,74
28,74
28,75
28,76
28,77
28,78
28,79
28,80
28,81
28,82
28,83
28,84
28,85
28,86
28,87
28,88
28,89
28,90
28,91
28,92
28,93
28,94
28,95
28,96
28,97
28,98
28,100
28,101
28,102
28,103
28,104
28,105
28,106
28,107
29,107
30,107
31,107
32,107
33,107
34,107
35,107
36,107
37,107
38,107
39,107
40,107
41,107
42,107
43,107
44,107
45,107
46,107
47,107
48,107
49,107
50,107
51,107
52,107
53,107
54,107
55,107
56,107
57,107
58,107
59,107
59,106
59,105
59,104
59,103
59,102
59,101
59,100
59,99
59,98
59,97
59,96
59,95
59,94
59,93
59,92
59,91
59,90
59,88
59,87
59,86
59,85
59,84
59,83
59,82
59,81
59,80
59,79
59,78
59,77
59,76
59,75
59,73
59,72
59,71
59,70
59,69
59,67
59,66
59,65
59,64
59,63
59,62
59,60
59,58
59,57
59,56
59,55
59,54
59,53
59,52
59,51
59,50
59,49
59,48
59,47
59,46
59,45
59,44
59,43
59,42
59,41
59,40
59,39
59,38
59,37
59,36
59,35
59,34
59,33
59,32
59,31
59,30
59,29
59,28
59,27
59,26
58,26
57,26
56,26
55,26
54,26
53,26
52,26
51,26
50,26
49,26
48,26
47,26
46,26
45,26
44,26
43,26
42,26
41,26
40,26
39,26
38,26
37,26
36,26
35,26
34,26
33,26
32,26
31,26
30,26
29,26
28,26
27,26
26,26
25,26
24,26
23,26
22,26
21,26
20,26
19,26
18,26
17,26
16,26
15,26
14,26
14,27
14,28
14,29
14,30
14,31
14,32
14,33
14,34
14,35
14,36
14,37
14,38
14,39
14,40
14,41
14,42
14,44
14,45
14,46
14,47
14,48
14,49
14,50
14,51
14,52
14,53
14,54
14,55
14,56
14,57
14,58
14,59
14,60
14,61
14,62
14,63
14,64
14,65
14,66
14,67
14,69
14,70
14,71
14,72
14,73
14,74
14,75
14,76
14,77
14,78
14,79
15,79
16,79
17,79
18,79
19,79
20,79
21,79
22,79
23,79
25,79
26,79
27,79
29,79
30,79
31,79
32,79
33,79
34,79
35,79
36,79
37,79
38,79
39,79
41,79
42,79
43,79
44,79
45,79
46,79
47,79
48,79
49,79
50,79
51,79
52,79
53,79
54,79
55,79
57,79
58,79
60,79
61,79
62,79
63,79
64,79
65,79
66,79
67,79
68,79
69,79
70,79
71,79
72,79
73,79
74,79
75,79
75,78
75,77
75,76
75,75
75,73
75,72
75,71
75,70
75,69
75,67
75,66
75,65
75,64
75,63
75,62
75,60
75,58
75,57
75,56
75,55
75,54
75,53
75,52
75,51
75,50
75,49
75,48
75,47
75,46
75,45
75,44
75,43
75,42
75,41
75,40
75,39
75,38
75,37
75,36
75,35
75,34
75,33
75,32
75,31
75,30
75,29
75,28
75,27
75,26
75,25
75,24
75,23
75,22
74,22
73,22
72,22
71,22
70,22
69,22
68,22
67,22
66,22
65,22
64,22
63,22
62,22
61,22
60,22
59,22
58,22
57,22
56,22
55,22
54,22
53,22
52,22
51,22
50,22
49,22
48,22
47,22
46,22
45,22
44,22
44,23
44,24
44,25
44,27
44,28
44,29
44,30
44,31
44,32
44,33
44,34
44,35
44,36
44,37
44,38
44,39
44,40
44,41
44,42
44,44
44,45
44,46
44,47
44,48
44,49
44,50
44,51
44,52
44,53
44,54
44,55
44,56
44,57
44,58
44,60
44,62
44,63
44,64
44,65
44,66
44,67
44,69
44,70
44,71
44,72
44,73
44,75
44,76
44,77
44,78
44,80
44,81
44,82
44,83
44,84
44,85
44,86
44,87
44,88
44,90
44,91
44,92
44,93
44,94
44,95
44,96
44,97
44,98
44,100
45,100
46,100
47,100
48,100
49,100
50,100
51,100
52,100
53,100
54,100
55,100
56,100
57,100
58,100
60,100
61,100
62,100
63,100
64,100
65,100
66,100
67,100
68,100
69,100
70,100
71,100
72,100
73,100
74,100
75,100
76,100
77,100
78,100
79,100
80,100
81,100
82,100
83,100
84,100
85,100
86,100
87,100
88,100
89,100
90,100
91,100
91,99
91,98
91,97
91,96
91,95
91,94
91,93
91,92
91,91
91,90
91,89
91,87
91,86
91,85
91,84
91,83
91,82
91,81
91,80
91,79
91,78
91,77
91,76
91,75
91,73
91,72
91,71
91,70
91,69
91,67
91,66
91,65
91,64
91,63
91,62
91,61
91,60
91,59
91,58
91,57
91,56
91,55
91,54
91,53
91,52
91,51
91,50
91,49
89,49
88,49
87,49
86,49
85,49
84,49
83,49
82,49
81,49
80,49
79,49
78,49
77,49
76,49
74,49
73,49
72,49
71,49
70,49
69,49
68,49
67,49
66,49
65,49
64,49
63,49
62,49
61,49
60,49
58,49
57,49
55,49
54,49
53,49
52,49
51,49
50,49
49,49
48,49
47,49
46,49
45,49
43,49
42,49
41,49
40,49
39,49
38,49
37,49
37,50
37,51
37,52
37,53
37,54
37,55
37,56
37,57
37,58
37,59
37,60
37,62
37,63
37,64
37,65
37,66
37,67
37,69
37,70
37,71
37,72
37,73
37,75
37,76
37,77
37,78
37,80
37,81
37,82
37,83
37,84
37,85
38,85
39,85
41,85
42,85
43,85
45,85
46,85
47,85
48,85
49,85
50,85
51,85
52,85
53,85
54,85
55,85
57,85
58,85
60,85
61,85
62,85
63,85
64,85
65,85
66,85
67,85
68,85
69,85
70,85
71,85
72,85
73,85
74,85
75,85
76,85
77,85
78,85
79,85
80,85
82,85
83,85
84,85
85,85
86,85
87,85
88,85
89,85
92,85
93,85
94,85
95,85
96,85
97,85
98,85
99,85
100,85
101,85
102,85
102,84
102,83
102,82
102,81
102,80
102,79
102,78
101,78
100,78
99,78
98,78
97,78
96,78
95,78
94,78
93,78
92,78
89,78
88,78
87,78
86,78
85,78
84,78
83,78
82,78
80,78
79,78
78,78
77,78
76,78
74,78
73,78
72,78
71,78
70,78
69,78
68,78
67,78
66,78
65,78
64,78
63,78
62,78
61,78
61,80
61,81
61,82
61,83
61,84
61,86
61,87
61,88
61,90
61,91
61,92
61,93
61,94
61,95
61,96
61,97
61,98
61,99
61,101
61,102
61,103
62,103
63,103
64,103
65,103
66,103
67,103
68,103
69,103
70,103
71,103
72,103
73,103
74,103
75,103
76,103
77,103
78,103
78,102
78,101
78,99
78,98
78,97
78,96
78,95
78,94
78,93
78,92
78,91
78,90
78,88
78,87
78,86
78,84
78,83
78,82
78,81
78,80
78,79
78,77
78,76
78,75
78,73
78,72
78,71
78,70
78,69
78,67
78,66
78,65
78,64
78,63
78,62
78,60
78,59
78,58
78,57
78,56
78,55
78,54
78,53
78,52
78,51
78,50
78,48
78,47
78,46
78,45
78,44
78,43
78,42
78,41
78,40
78,39
77,39
76,39
74,39
73,39
72,39
71,39
70,39
69,39
68,39
67,39
66,39
65,39
64,39
63,39
62,39
61,39
60,39
58,39
57,39
56,39
55,39
54,39
53,39
52,39
51,39
50,39
49,39
48,39
47,39
46,39
46,40
46,41
46,42
46,44
46,45
46,46
46,47
46,48
46,50
46,51
46,52
46,53
46,54
46,55
46,56
46,57
46,58
46,60
46,62
46,63
46,64
46,65
46,66
46,67
46,69
46,70
46,71
46,72
46,73
46,75
46,76
46,77
46,78
46,80
46,81
46,82
46,83
46,84
46,86
46,87
46,88
46,90
46,91
46,92
46,93
46,94
46,95
46,96
46,97
46,98
46,101
46,102
46,103
46,104
46,105
46,106
46,108
46,109
46,110
46,111
47,111
48,111
49,111
50,111
51,111
52,111
53,111
54,111
55,111
56,111
57,111
58,111
59,111
60,111
61,111
62,111
63,111
64,111
65,111
66,111
67,111
68,111
69,111
70,111
71,111
72,111
73,111
74,111
75,111
76,111
77,111
78,111
79,111
80,111
81,111
82,111
83,111
84,111
85,111
86,111
87,111
88,111
88,110
88,109
88,108
88,107
88,106
88,105
88,104
88,103
88,102
88,101
88,99
88,98
88,97
88,96
88,95
88,94
88,93
88,92
88,91
88,90
88,89
88,88
88,87
88,86
88,84
88,83
88,82
88,81
88,80
88,79
88,77
88,76
88,75
88,73
88,72
88,71
88,70
88,69
88,67
88,66
88,65
88,64
88,63
88,62
88,61
88,60
88,59
88,58
88,57
88,56
88,55
88,54
88,53
88,52
88,51
88,50
88,48
88,47
88,46
87,46
86,46
85,46
84,46
83,46
82,46
81,46
80,46
79,46
77,46
76,46
74,46
73,46
72,46
71,46
70,46
69,46
68,46
67,46
66,46
65,46
64,46
63,46
62,46
61,46
60,46
58,46
57,46
55,46
54,46
53,46
52,46
51,46
50,46
49,46
48,46
47,46
45,46
43,46
42,46
41,46
40,46
39,46
38,46
37,46
36,46
35,46
34,46
33,46
32,46
31,46
30,46
30,47
30,48
30,49
30,50
30,51
30,52
30,53
30,54
30,55
30,56
30,57
30,58
30,59
30,60
30,62
30,63
30,64
30,65
30,66
30,67
30,69
30,70
30,71
30,72
30,73
30,75
30,76
30,77
30,78
30,80
30,81
30,82
30,83
30,84
30,85
30,86
30,87
30,88
30,89
30,90
30,91
30,92
30,93
30,94
30,95
30,96
30,97
30,98
30,100
30,101
30,102
30,103
30,104
30,105
30,106
30,108
30,109
30,110
30,111
30,112
30,113
30,114
30,115
31,115
32,115
33,115
34,115
35,115
36,115
37,115
38,115
39,115
40,115
41,115
42,115
43,115
44,115
45,115
46,115
47,115
48,115
49,115
50,115
51,115
52,115
53,115
54,115
55,115
56,115
57,115
58,115
59,115
60,115
61,115
62,115
63,115
64,115
65,115
66,115
67,115
68,115
69,115
70,115
71,115
72,115
73,115
74,115
75,115
76,115
77,115
78,115
79,115
80,115
81,115
82,115
83,115
84,115
84,114
84,113
84,112
84,110
84,109
84,108
84,107
84,106
84,105
84,104
84,103
84,102
84,101
84,99
84,98
84,97
84,96
84,95
84,94
84,93
84,92
84,91
84,90
84,89
84,88
84,87
84,86
84,84
84,83
84,82
84,81
84,80
84,79
84,77
84,76
84,75
84,73
84,72
84,71
84,70
84,69
84,67
84,66
84,65
84,64
83,64
82,64
80,64
79,64
77,64
76,64
74,64
73,64
72,64
71,64
70,64
69,64
68,64
67,64
66,64
65,64
64,64
63,64
62,64
61,64
60,64
58,64
57,64
55,64
54,64
53,64
52,64
51,64
50,64
49,64
48,64
47,64
45,64
43,64
42,64
41,64
39,64
38,64
36,64
35,64
34,64
33,64
32,64
31,64
29,64
28,64
27,64
26,64
25,64
23,64
22,64
21,64
20,64
19,64
18,64
17,64
16,64
15,64
13,64
12,64
11,64
10,64
10,65
10,66
10,67
10,69
10,70
10,71
10,72
10,73
10,74
10,75
10,76
10,77
10,78
10,79
10,80
10,81
10,82
10,83
10,84
10,85
10,86
10,87
10,88
10,89
10,90
10,91
10,92
10,93
10,94
10,95
11,95
12,95
13,95
14,95
15,95
16,95
17,95
18,95
19,95
20,95
21,95
22,95
23,95
25,95
26,95
27,95
29,95
31,95
32,95
33,95
34,95
35,95
36,95
37,95
38,95
39,95
40,95
41,95
42,95
43,95
45,95
47,95
48,95
49,95
50,95
51,95
52,95
53,95
54,95
55,95
57,95
58,95
60,95
62,95
63,95
64,95
65,95
66,95
67,95
68,95
69,95
70,95
70,94
70,93
70,92
70,91
70,90
70,88
70,87
70,86
70,84
70,83
70,82
70,81
70,80
70,77
70,76
70,75
70,73
70,72
70,71
70,70
70,69
70,67
70,66
70,65
70,63
70,62
70,60
70,58
70,57
70,56
70,55
70,54
70,53
70,52
70,51
70,50
70,48
70,47
70,45
70,44
70,43
70,42
70,41
70,40
70,38
70,37
70,36
70,35
70,34
70,33
70,32
69,32
68,32
67,32
66,32
65,32
64,32
63,32
62,32
61,32
60,32
58,32
57,32
56,32
55,32
54,32
53,32
52,32
51,32
50,32
49,32
48,32
47,32
46,32
45,32
43,32
42,32
41,32
40,32
39,32
38,32
37,32
36,32
35,32
34,32
33,32
32,32
31,32
30,32
29,32
28,32
27,32
26,32
25,32
24,32
23,32
23,33
23,34
23,35
23,36
23,37
23,38
23,39
23,40
23,41
23,42
23,44
23,45
23,46
23,47
23,48
23,49
23,50
23,51
23,52
23,53
23,54
23,55
24,55
25,55
26,55
27,55
28,55
29,55
31,55
32,55
33,55
34,55
35,55
36,55
38,55
39,55
40,55
41,55
42,55
43,55
45,55
47,55
48,55
49,55
50,55
51,55
52,55
53,55
54,55
55,55
57,55
58,55
60,55
61,55
62,55
63,55
64,55
65,55
66,55
67,55
68,55
69,55
71,55
72,55
73,55
74,55
76,55
77,55
79,55
80,55
81,55
82,55
83,55
84,55
85,55
86,55
87,55
89,55
92,55
93,55
94,55
95,55
96,55
97,55
97,54
97,53
97,52
97,51
97,50
97,49
97,48
97,47
97,46
97,45
97,44
97,43
97,41
97,40
97,39
97,38
97,37
97,36
97,35
97,34
97,33
97,32
97,31
97,30
97,29
97,28
97,27
97,26
97,25
97,24
97,23
97,22
97,21
97,20
97,19
97,18
97,17
97,16
97,15
97,14
96,14
95,14
94,14
93,14
92,14
91,14
90,14
89,14
88,14
87,14
86,14
85,14
84,14
83,14
82,14
81,14
80,14
79,14
78,14
77,14
76,14
75,14
74,14
73,14
72,14
71,14
70,14
69,14
68,14
67,14
66,14
65,14
64,14
63,14
62,14
61,14
60,14
59,14
58,14
57,14
56,14
55,14
54,14
53,14
52,14
51,14
50,14
49,14
48,14
47,14
46,14
45,14
44,14
43,14
42,14
41,14
40,14
39,14
39,15
39,16
39,17
39,18
39,19
39,20
39,21
39,22
39,23
39,24
39,25
39,27
39,28
39,29
39,30
39,31
39,33
40,33
41,33
42,33
43,33
45,33
46,33
47,33
48,33
49,33
50,33
51,33
52,33
53,33
54,33
55,33
56,33
57,33
58,33
60,33
61,33
62,33
63,33
64,33
65,33
66,33
67,33
68,33
69,33
71,33
72,33
73,33
74,33
76,33
76,32
76,31
76,30
76,29
76,28
76,27
76,26
76,25
76,24
76,23
76,22
76,21
76,20
76,19
76,18
76,17
76,16
76,15
76,13
76,12
76,11
76,10
76,9
76,8
76,7
76,6
76,5
76,4
75,4
74,4
73,4
72,4
71,4
70,4
69,4
68,4
67,4
66,4
65,4
64,4
63,4
62,4
61,4
60,4
59,4
58,4
57,4
56,4
56,5
56,6
56,7
56,8
56,9
56,10
56,11
56,12
56,13
56,15
56,16
56,17
56,18
56,19
56,20
56,21
56,23
56,24
56,25
56,27
57,27
58,27
60,27
61,27
62,27
63,27
64,27
65,27
66,27
67,27
68,27
69,27
70,27
71,27
72,27
73,27
74,27
77,27
78,27
79,27
80,27
81,27
82,27
83,27
84,27
85,27
86,27
87,27
88,27
89,27
90,27
91,27
92,27
93,27
93,26
93,25
93,24
93,23
93,22
93,21
93,20
93,19
93,18
93,17
93,16
93,15
93,13
93,12
93,11
93,10
93,9
92,9
91,9
90,9
89,9
88,9
87,9
86,9
85,9
84,9
83,9
82,9
81,9
80,9
79,9
78,9
77,9
75,9
74,9
73,9
72,9
71,9
70,9
69,9
68,9
67,9
66,9
65,9
64,9
63,9
62,9
61,9
60,9
59,9
58,9
57,9
55,9
54,9
54,10
54,11
54,12
54,13
54,15
54,16
54,17
54,18
54,19
54,20
54,21
54,23
54,24
54,25
54,27
54,28
54,29
54,30
54,31
54,34
54,35
54,36
54,37
54,38
54,40
54,41
54,42
54,44
54,45
54,47
54,48
54,50
54,51
54,52
54,53
54,54
54,56
54,57
54,58
54,60
54,62
54,63
54,65
54,66
54,67
54,69
54,70
54,71
54,72
54,73
54,75
54,76
54,77
54,78
54,80
54,81
54,82
54,83
54,84
54,86
54,87
54,88
54,90
54,91
54,92
54,93
54,94
54,96
54,97
54,98
54,101
54,102
54,103
54,104
54,105
55,105
56,105
57,105
58,105
60,105
61,105
62,105
63,105
64,105
65,105
66,105
67,105
68,105
69,105
70,105
71,105
72,105
73,105
74,105
75,105
76,105
77,105
78,105
79,105
80,105
81,105
82,105
83,105
85,105
86,105
87,105
89,105
90,105
91,105
92,105
93,105
94,105
95,105
96,105
97,105
98,105
99,105
100,105
101,105
102,105
103,105
104,105
104,104
104,103
104,102
104,101
104,100
104,99
104,98
104,97
104,96
104,95
104,94
104,93
104,92
104,91
104,90
104,89
104,87
104,86
104,85
104,84
104,83
104,82
104,81
104,80
104,79
104,78
104,77
104,76
104,75
104,73
104,72
104,71
104,70
104,69
104,68
104,67
104,66
104,65
104,64
104,63
104,62
104,61
104,60
104,59
104,58
104,57
103,57
102,57
100,57
99,57
98,57
97,57
96,57
95,57
94,57
93,57
92,57
89,57
87,57
86,57
85,57
84,57
83,57
82,57
81,57
80,57
79,57
77,57
76,57
74,57
73,57
72,57
71,57
69,57
68,57
67,57
66,57
65,57
64,57
63,57
62,57
61,57
60,57
58,57
57,57
55,57
53,57
52,57
51,57
50,57
50,58
50,60
50,62
50,63
50,65
50,66
50,67
50,69
50,70
50,71
50,72
50,73
50,75
50,76
50,77
50,78
50,80
50,81
50,82
50,83
50,84
50,86
50,87
50,88
50,90
50,91
50,92
51,92
52,92
53,92
55,92
57,92
58,92
60,92
62,92
63,92
64,92
65,92
66,92
67,92
68,92
69,92
71,92
72,92
73,92
74,92
75,92
76,92
77,92
79,92
80,92
81,92
82,92
83,92
85,92
86,92
87,92
89,92
90,92
92,92
93,92
94,92
95,92
96,92
97,92
98,92
99,92
100,92
101,92
102,92
103,92
105,92
106,92
107,92
108,92
109,92
110,92
111,92
112,92
113,92
114,92
115,92
116,92
117,92
118,92
118,91
118,90
118,89
118,87
118,86
118,85
118,84
118,83
118,82
118,81
118,80
118,79
118,78
118,77
118,76
118,75
118,73
118,72
118,71
118,70
118,69
117,69
116,69
115,69
114,69
113,69
112,69
111,69
110,69
109,69
108,69
107,69
106,69
105,69
103,69
102,69
101,69
100,69
99,69
98,69
97,69
96,69
95,69
94,69
93,69
92,69
89,69
87,69
86,69
85,69
83,69
82,69
80,69
79,69
77,69
76,69
74,69
73,69
72,69
71,69
69,69
68,69
67,69
67,70
67,71
67,72
67,73
67,75
67,76
67,77
67,80
67,81
67,82
67,83
67,84
67,86
67,87
67,88
67,90
67,91
67,93
67,94
67,96
67,97
67,98
67,99
67,101
67,102
67,104
67,106
67,107
67,108
67,109
67,110
67,112
67,113
67,114
67,116
67,117
67,118
67,119
67,120
67,121
67,122
67,123
67,124
67,125
67,126
68,126
69,126
70,126
71,126
72,126
73,126
74,126
75,126
76,126
77,126
78,126
79,126
80,126
81,126
82,126
83,126
84,126
85,126
86,126
87,126
88,126
89,126
89,125
89,124
89,123
89,122
89,121
89,120
89,119
89,118
89,117
89,116
88,116
87,116
86,116
85,116
84,116
83,116
82,116
81,116
80,116
79,116
78,116
77,116
76,116
75,116
74,116
73,116
72,116
71,116
70,116
69,116
68,116
66,116
65,116
64,116
63,116
62,116
61,116
60,116
59,116
58,116
57,116
56,116
55,116
54,116
53,116
52,116
51,116
50,116
49,116
48,116
47,116
46,116
46,117
46,118
46,119
46,120
46,121
46,122
46,123
46,124
47,124
48,124
49,124
50,124
51,124
52,124
53,124
54,124
55,124
56,124
57,124
58,124
59,124
60,124
61,124
62,124
63,124
64,124
65,124
66,124
68,124
69,124
70,124
71,124
72,124
73,124
74,124
75,124
76,124
77,124
78,124
79,124
80,124
81,124
82,124
83,124
84,124
85,124
86,124
86,123
86,122
86,121
86,120
86,119
86,118
86,117
86,115
86,114
86,113
86,112
86,110
86,109
86,108
86,107
86,106
86,104
86,103
86,102
86,101
86,99
86,98
86,97
86,96
86,95
86,94
86,93
86,91
86,90
86,89
86,88
86,87
86,86
86,84
86,83
86,82
85,82
83,82
82,82
80,82
79,82
77,82
76,82
75,82
74,82
73,82
72,82
71,82
69,82
68,82
66,82
65,82
64,82
63,82
62,82
60,82
58,82
57,82
55,82
53,82
53,83
53,84
53,86
53,87
53,88
53,90
53,91
53,93
53,94
53,96
53,97
53,98
53,101
53,102
53,103
53,104
53,105
53,106
53,108
53,109
54,109
55,109
56,109
57,109
58,109
59,109
60,109
61,109
62,109
63,109
64,109
65,109
66,109
68,109
69,109
70,109
71,109
72,109
73,109
74,109
75,109
76,109
77,109
78,109
79,109
80,109
81,109
82,109
83,109
85,109
87,109
89,109
90,109
91,109
92,109
93,109
94,109
95,109
96,109
97,109
98,109
99,109
100,109
101,109
102,109
103,109
104,109
105,109
106,109
107,109
108,109
109,109
110,109
111,109
112,109
113,109
114,109
115,109
116,109
117,109
118,109
119,109
119,108
119,107
119,106
119,105
119,104
119,103
119,102
119,101
119,100
119,99
119,98
118,98
117,98
116,98
115,98
114,98
113,98
112,98
111,98
110,98
109,98
108,98
107,98
106,98
105,98
103,98
102,98
101,98
100,98
99,98
98,98
97,98
96,98
95,98
94,98
93,98
92,98
90,98
89,98
87,98
85,98
83,98
82,98
81,98
80,98
79,98
77,98
76,98
75,98
74,98
73,98
72,98
71,98
70,98
69,98
68,98
66,98
65,98
64,98
63,98
62,98
60,98
58,98
57,98
55,98
52,98
51,98
50,98
49,98
48,98
48,101
48,102
48,103
48,104
48,105
48,106
48,108
48,109
48,110
48,112
48,113
48,114
48,117
48,118
48,119
48,120
48,121
48,122
48,123
48,125
48,126
48,127
49,127
50,127
51,127
52,127
53,127
54,127
55,127
56,127
57,127
58,127
59,127
60,127
61,127
62,127
63,127
63,126
63,125
63,123
63,122
63,121
63,120
63,119
63,118
63,117
63,114
63,113
63,112
63,110
63,108
63,107
63,106
63,104
63,102
63,101
63,99
63,97
63,96
63,94
63,93
63,91
63,90
63,88
63,87
63,86
63,84
63,83
63,81
63,80
63,77
63,76
63,75
63,73
63,72
63,71
63,70
63,69
63,67
63,66
63,65
63,63
63,62
63,60
63,58
63,56
63,54
63,53
63,52
63,51
63,50
63,48
63,47
63,45
62,45
61,45
60,45
58,45
57,45
55,45
53,45
52,45
51,45
50,45
49,45
48,45
47,45
45,45
43,45
42,45
41,45
40,45
39,45
38,45
37,45
36,45
35,45
34,45
33,45
32,45
31,45
30,45
29,45
28,45
27,45
26,45
25,45
24,45
22,45
22,46
22,47
22,48
22,49
22,50
22,51
22,52
22,53
22,54
22,55
22,56
22,57
22,58
22,59
22,60
22,61
22,62
22,63
22,65
22,66
22,67
22,69
22,70
23,70
25,70
26,70
27,70
28,70
29,70
31,70
32,70
33,70
34,70
35,70
36,70
38,70
39,70
41,70
42,70
43,70
45,70
47,70
48,70
49,70
51,70
52,70
53,70
55,70
57,70
58,70
60,70
61,70
62,70
64,70
65,70
66,70
68,70
69,70
71,70
71,67
71,66
71,65
71,63
71,62
71,60
71,58
71,56
71,54
71,53
71,52
71,51
71,50
71,48
71,47
71,45
71,44
71,43
71,42
71,41
71,40
71,38
71,37
71,36
71,35
71,34
71,32
71,31
71,30
71,29
71,28
71,26
71,25
71,24
71,23
71,21
71,20
71,19
71,18
71,17
70,17
69,17
68,17
67,17
66,17
65,17
64,17
63,17
62,17
61,17
60,17
59,17
58,17
57,17
55,17
53,17
52,17
51,17
50,17
49,17
48,17
47,17
46,17
45,17
44,17
43,17
42,17
41,17
40,17
38,17
37,17
36,17
35,17
34,17
33,17
32,17
31,17
30,17
29,17
28,17
27,17
26,17
25,17
24,17
23,17
22,17
21,17
20,17
19,17
19,18
19,19
19,20
19,21
19,22
19,23
19,24
19,25
19,27
19,28
19,29
19,30
19,31
19,32
19,33
19,34
19,35
19,36
19,37
19,38
19,39
19,40
19,41
19,42
19,44
19,45
19,46
19,47
19,48
19,49
19,50
19,51
19,52
20,52
21,52
24,52
25,52
26,52
27,52
28,52
29,52
31,52
32,52
33,52
34,52
35,52
36,52
38,52
39,52
40,52
41,52
42,52
43,52
45,52
47,52
48,52
49,52
50,52
51,52
52,52
53,52
55,52
57,52
58,52
60,52
61,52
62,52
64,52
65,52
66,52
67,52
68,52
69,52
72,52
73,52
74,52
76,52
77,52
79,52
80,52
81,52
82,52
83,52
84,52
84,51
84,50
84,48
84,47
84,45
84,44
84,43
84,42
84,41
84,40
84,39
84,38
84,37
84,36
84,35
84,34
84,33
84,32
84,31
84,30
84,29
84,28
84,26
84,25
84,24
84,23
84,22
84,21
83,21
82,21
81,21
80,21
79,21
79,22
79,23
79,24
79,25
79,26
79,28
79,29
79,30
79,31
79,32
79,33
79,34
79,35
79,36
79,37
79,38
79,39
79,40
79,41
79,42
79,43
79,44
79,45
79,47
79,48
79,50
79,51
79,53
79,54
79,56
79,58
79,59
79,60
79,62
79,63
79,65
79,66
79,67
79,70
79,71
79,72
79,73
79,75
79,76
79,77
79,79
79,80
79,81
79,83
79,84
79,86
80,86
82,86
83,86
85,86
87,86
89,86
92,86
93,86
94,86
95,86
96,86
97,86
98,86
99,86
100,86
101,86
102,86
103,86
105,86
106,86
107,86
108,86
109,86
110,86
111,86
112,86
113,86
114,86
115,86
116,86
117,86
119,86
120,86
121,86
123,86
123,85
123,84
123,83
123,82
123,81
123,80
123,79
123,78
123,77
123,76
123,75
123,74
123,73
123,72
123,71
123,70
123,69
123,68
123,67
123,66
123,65
123,64
123,63
123,62
123,61
123,60
123,59
123,58
123,57
123,56
123,55
123,54
123,53
123,52
123,51
123,50
123,49
123,48
123,47
123,46
123,45
123,44
123,43
123,42
123,41
123,40
123,39
123,38
123,37
123,36
123,35
123,34
123,33
123,32
123,31
123,30
123,29
123,28
123,27
123,26
123,25
123,24
122,24
121,24
120,24
119,24
118,24
117,24
116,24
115,24
114,24
113,24
112,24
111,24
110,24
109,24
108,24
107,24
106,24
105,24
104,24
103,24
102,24
101,24
100,24
99,24
98,24
96,24
95,24
94,24
92,24
91,24
90,24
89,24
88,24
87,24
86,24
85,24
83,24
82,24
81,24
80,24
78,24
77,24
74,24
73,24
72,24
70,24
69,24
68,24
67,24
66,24
65,24
64,24
63,24
63,25
63,26
63,28
63,29
63,30
63,31
63,34
63,35
63,36
63,37
63,38
63,40
64,40
65,40
66,40
67,40
68,40
69,40
72,40
73,40
74,40
76,40
77,40
80,40
81,40
82,40
83,40
85,40
86,40
87,40
88,40
89,40
90,40
91,40
92,40
93,40
94,40
95,40
96,40
98,40
98,39
98,38
98,37
98,36
98,35
98,34
98,33
98,32
98,31
98,30
98,29
98,28
98,27
98,26
98,25
98,23
98,22
98,21
98,20
98,19
98,18
98,17
98,16
96,16
95,16
94,16
92,16
91,16
90,16
89,16
88,16
87,16
86,16
85,16
84,16
83,16
83,17
83,18
83,19
83,20
83,22
83,23
83,25
83,26
83,28
83,29
83,30
83,31
83,32
83,33
83,34
83,35
83,36
83,37
83,38
83,39
83,41
83,42
83,43
83,44
83,45
83,47
83,48
83,50
83,51
83,53
84,53
85,53
86,53
87,53
89,53
92,53
93,53
94,53
95,53
96,53
98,53
99,53
100,53
102,53
103,53
104,53
105,53
106,53
107,53
108,53
109,53
110,53
111,53
112,53
112,52
112,51
112,50
112,49
112,48
112,47
112,46
112,45
112,44
112,43
112,42
112,41
112,40
112,39
112,38
112,37
112,36
112,35
112,34
112,33
112,32
112,31
112,30
112,29
112,28
112,27
112,26
112,25
112,23
112,22
112,21
112,20
112,19
111,19
110,19
109,19
108,19
107,19
106,19
105,19
104,19
103,19
102,19
101,19
100,19
99,19
96,19
95,19
94,19
92,19
91,19
90,19
89,19
88,19
87,19
86,19
85,19
84,19
82,19
82,20
82,22
82,23
82,25
82,26
82,28
82,29
82,30
82,31
82,32
82,33
82,34
85,34
86,34
87,34
88,34
89,34
90,34
91,34
92,34
93,34
94,34
95,34
96,34
99,34
100,34
101,34
102,34
103,34
104,34
105,34
106,34
107,34
108,34
109,34
109,33
109,32
109,31
109,30
109,29
109,28
109,27
109,26
109,25
109,23
109,22
109,21
109,20
109,18
109,17
109,16
109,15
109,14
109,13
109,12
109,11
109,10
109,9
109,8
109,7
109,6
108,6
107,6
106,6
105,6
104,6
103,6
102,6
101,6
100,6
99,6
98,6
97,6
96,6
95,6
94,6
93,6
92,6
91,6
90,6
89,6
88,6
87,6
86,6
85,6
84,6
83,6
82,6
81,6
80,6
79,6
78,6
77,6
75,6
74,6
73,6
72,6
71,6
70,6
69,6
68,6
67,6
66,6
65,6
64,6
63,6
62,6
61,6
60,6
59,6
58,6
57,6
55,6
54,6
53,6
52,6
51,6
50,6
49,6
48,6
47,6
46,6
45,6
44,6
43,6
42,6
41,6
40,6
39,6
38,6
37,6
36,6
35,6
34,6
33,6
32,6
31,6
30,6
29,6
28,6
27,6
27,7
27,8
27,9
27,10
27,11
27,12
27,13
27,14
27,15
27,16
27,18
27,19
27,20
27,21
27,22
27,23
27,24
27,25
27,27
27,28
27,29
27,30
27,31
27,33
27,34
27,35
27,36
27,37
27,38
27,39
27,40
27,41
27,42
27,44
27,46
27,47
28,47
29,47
31,47
32,47
33,47
34,47
35,47
36,47
37,47
38,47
39,47
40,47
41,47
42,47
43,47
45,47
47,47
48,47
49,47
50,47
51,47
52,47
53,47
55,47
57,47
58,47
60,47
61,47
62,47
64,47
65,47
66,47
67,47
68,47
69,47
72,47
73,47
74,47
76,47
77,47
80,47
81,47
82,47
85,47
86,47
87,47
89,47
91,47
92,47
93,47
94,47
95,47
96,47
98,47
99,47
100,47
102,47
103,47
103,46
103,45
103,44
103,43
103,42
103,41
103,40
103,39
103,38
103,37
103,36
103,35
103,33
103,32
103,31
103,30
103,29
103,28
103,27
103,26
103,25
103,23
103,22
103,21
103,20
103,18
103,17
103,16
103,15
103,14
103,13
103,12
102,12
101,12
100,12
99,12
98,12
97,12
96,12
95,12
94,12
92,12
91,12
90,12
89,12
88,12
87,12
86,12
85,12
85,13
85,15
85,17
85,18
85,20
85,21
85,22
85,23
85,25
85,26
85,28
85,29
85,30
85,31
85,32
85,33
85,35
85,36
85,37
86,37
87,37
88,37
89,37
90,37
91,37
92,37
93,37
94,37
95,37
96,37
99,37
100,37
101,37
102,37
104,37
105,37
106,37
107,37
108,37
109,37
110,37
111,37
113,37
114,37
115,37
115,36
115,35
115,34
115,33
115,32
115,31
115,30
115,29
114,29
113,29
111,29
110,29
108,29
107,29
106,29
105,29
104,29
102,29
101,29
100,29
99,29
96,29
95,29
94,29
93,29
92,29
91,29
90,29
89,29
88,29
87,29
86,29
81,29
80,29
78,29
77,29
74,29
73,29
72,29
70,29
69,29
68,29
67,29
66,29
65,29
65,30
65,31
65,34
65,35
65,36
65,37
65,38
65,41
65,42
65,43
65,44
65,45
65,48
65,50
65,51
65,53
65,54
65,56
65,58
65,60
65,62
65,63
65,65
65,66
65,67
65,69
65,71
65,72
66,72
68,72
69,72
71,72
72,72
73,72
74,72
76,72
77,72
80,72
82,72
83,72
85,72
86,72
87,72
89,72
92,72
93,72
94,72
95,72
96,72
97,72
98,72
99,72
100,72
101,72
102,72
103,72
105,72
106,72
107,72
108,72
109,72
110,72
111,72
112,72
113,72
114,72
115,72
116,72
117,72
119,72
119,71
119,70
119,69
119,68
119,67
119,66
119,65
119,64
119,63
119,62
119,61
119,60
119,59
119,58
119,57
119,56
119,55
119,54
119,53
119,52
119,51
119,50
119,49
119,48
119,47
119,46
119,45
119,44
119,43
119,42
119,41
119,40
119,39
119,38
118,38
117,38
116,38
115,38
114,38
113,38
111,38
110,38
109,38
108,38
107,38
106,38
105,38
104,38
102,38
101,38
101,39
101,40
102,40
104,40
105,40
106,40
107,40
108,40
109,40
110,40
111,40
113,40
114,40
115,40
116,40
117,40
118,40
120,40
120,39
120,38
120,37
120,36
120,35
120,34
120,33
120,32
120,31
120,30
120,29
120,28
119,28
118,28
117,28
117,29
117,30
117,31
117,32
117,33
117,34
117,35
117,36
117,37
117,39
117,41
117,42
117,43
117,44
117,45
117,46
117,47
117,48
117,49
117,50
117,51
117,52
117,53
117,54
117,55
117,56
117,57
117,58
117,59
117,60
117,61
117,62
117,63
117,64
117,65
117,66
117,67
117,68
117,70
117,71
117,73
117,75
117,76
117,77
117,78
117,79
117,80
117,81
117,82
117,83
117,84
117,85
117,87
117,89
117,90
117,91
117,93
117,94
117,95
118,95
119,95
120,95
121,95
122,95
123,95
124,95
124,94
124,93
124,92
124,91
123,91
122,91
121,91
120,91
119,91
116,91
115,91
114,91
113,91
112,91
111,91
110,91
109,91
108,91
107,91
106,91
105,91
103,91
102,91
101,91
100,91
99,91
98,91
97,91
96,91
95,91
94,91
93,91
92,91
90,91
89,91
87,91
85,91
83,91
82,91
81,91
80,91
79,91
77,91
76,91
75,91
74,91
73,91
72,91
71,91
69,91
68,91
66,91
65,91
64,91
62,91
60,91
58,91
57,91
55,91
52,91
51,91
49,91
48,91
47,91
45,91
43,91
42,91
42,92
42,93
42,94
42,96
42,97
42,98
42,100
42,101
42,102
42,103
42,104
42,105
42,106
42,108
42,109
42,110
42,111
42,112
42,113
42,114
42,116
42,117
42,118
42,119
42,120
42,121
43,121
44,121
45,121
47,121
49,121
50,121
51,121
52,121
53,121
54,121
55,121
56,121
57,121
58,121
59,121
60,121
61,121
62,121
64,121
64,120
64,119
64,118
64,117
64,114
64,113
64,112
64,110
64,108
64,107
64,106
64,104
64,102
62,102
60,102
58,102
57,102
56,102
55,102
52,102
51,102
50,102
49,102
47,102
45,102
44,102
43,102
41,102
40,102
39,102
38,102
37,102
36,102
35,102
34,102
33,102
32,102
31,102
29,102
27,102
26,102
25,102
24,102
23,102
22,102
21,102
20,102
19,102
18,102
17,102
16,102
15,102
15,103
15,104
15,105
15,106
15,107
15,108
15,109
15,110
15,111
15,112
15,113
15,114
15,115
15,116
15,117
15,118
16,118
17,118
18,118
19,118
20,118
21,118
22,118
23,118
24,118
25,118
26,118
27,118
28,118
29,118
30,118
31,118
32,118
33,118
34,118
35,118
36,118
37,118
38,118
38,117
38,116
38,114
38,113
38,112
38,111
38,110
38,109
38,108
38,106
38,105
38,104
38,103
38,101
38,100
38,98
38,97
38,96
38,94
38,93
38,92
38,91
38,90
38,89
38,88
38,87
38,86
38,84
38,83
38,82
38,81
38,80
38,78
38,77
38,76
38,75
38,73
38,72
38,71
38,69
38,67
38,66
36,66
35,66
34,66
33,66
32,66
31,66
29,66
28,66
27,66
26,66
25,66
23,66
21,66
20,66
19,66
19,67
19,69
19,70
19,71
19,72
19,73
19,74
19,75
19,76
19,77
19,78
19,80
19,81
19,82
19,83
19,84
19,85
19,86
19,87
19,88
19,89
19,90
19,91
19,92
19,93
20,93
21,93
22,93
23,93
25,93
26,93
26,92
26,91
26,90
26,89
26,88
26,87
26,86
26,85
26,84
26,83
26,82
26,81
26,80
26,78
26,77
26,76
26,75
26,74
26,73
26,72
26,71
26,69
26,67
26,65
26,63
26,62
26,60
26,59
26,58
26,57
26,56
26,54
26,53
26,51
26,50
26,49
26,48
26,47
26,46
26,44
26,42
26,41
26,40
26,39
26,38
26,37
26,36
26,35
26,34
26,33
26,31
26,30
26,29
26,28
26,27
26,25
26,24
26,23
26,22
26,21
26,20
26,19
26,18
26,16
26,15
26,14
26,13
25,13
24,13
23,13
22,13
21,13
20,13
19,13
18,13
17,13
16,13
15,13
14,13
13,13
13,14
13,15
13,16
13,17
13,18
13,19
13,20
13,21
13,22
14,22
15,22
16,22
17,22
18,22
20,22
21,22
21,21
21,20
21,19
21,18
21,16
21,15
21,14
21,12
21,11
21,10
21,9
21,8
21,7
21,6
21,5
21,4
20,4
19,4
18,4
17,4
17,5
17,6
17,7
17,8
17,9
17,10
17,11
17,12
17,14
17,15
17,16
17,17
17,18
17,19
18,19
20,19
22,19
23,19
24,19
25,19
28,19
29,19
30,19
31,19
32,19
33,19
33,18
33,16
33,15
33,14
33,13
33,12
33,11
33,10
33,9
32,9
31,9
30,9
29,9
28,9
26,9
25,9
24,9
23,9
22,9
20,9
19,9
18,9
16,9
15,9
14,9
13,9
12,9
11,9
10,9
9,9
8,9
8,10
8,11
8,12
8,13
8,14
8,15
8,16
8,17
8,18
8,19
8,20
8,21
8,22
8,23
8,24
8,25
8,26
8,27
8,28
8,29
8,30
8,31
8,32
8,33
8,34
8,35
8,36
8,37
8,38
8,39
8,40
8,41
8,42
8,44
8,45
8,46
8,47
8,48
8,49
8,50
8,51
8,52
8,53
8,54
8,55
8,56
8,57
8,58
9,58
10,58
11,58
12,58
13,58
15,58
16,58
17,58
18,58
19,58
20,58
21,58
23,58
24,58
25,58
27,58
28,58
29,58
31,58
32,58
33,58
34,58
35,58
36,58
38,58
39,58
40,58
41,58
42,58
43,58
45,58
47,58
48,58
49,58
51,58
52,58
53,58
55,58
57,58
58,58
60,58
61,58
62,58
64,58
66,58
67,58
68,58
69,58
72,58
73,58
74,58
76,58
77,58
80,58
81,58
82,58
83,58
84,58
85,58
86,58
87,58
89,58
92,58
93,58
94,58
95,58
96,58
97,58
98,58
99,58
100,58
102,58
103,58
105,58
106,58
107,58
108,58
109,58
110,58
111,58
112,58
113,58
113,57
113,56
113,55
112,55
111,55
110,55
109,55
108,55
107,55
107,56
107,57
107,59
107,60
107,61
107,62
107,63
107,64
107,65
107,66
107,67
107,68
107,70
107,71
107,73
107,75
107,76
107,77
107,78
107,79
107,80
107,81
107,82
107,83
107,84
107,85
107,87
107,89
107,90
107,93
107,94
107,95
107,96
107,97
107,99
107,100
107,101
107,102
107,103
107,104
107,105
107,106
107,107
107,108
107,110
107,111
107,112
108,112
109,112
110,112
111,112
112,112
113,112
114,112
115,112
116,112
117,112
118,112
119,112
120,112
121,112
122,112
123,112
124,112
125,112
126,112
126,111
126,110
126,109
126,108
126,107
126,106
126,105
126,104
126,103
126,102
126,101
126,100
126,99
126,98
126,97
126,96
126,95
126,94
126,93
126,92
126,91
126,90
126,89
126,88
126,87
126,86
126,85
126,84
126,83
126,82
126,81
126,80
126,79
126,78
126,77
126,76
126,75
126,74
126,73
126,72
126,71
126,70
126,69
126,68
125,68
124,68
122,68
121,68
120,68
119,73
119,75
119,76
119,77
119,78
119,79
119,80
119,81
119,82
119,83
119,84
119,85
119,87
119,89
119,90
125,91
127,91
128,91
129,91
